[-1.0,
 -0.999732,
 -0.999722,
 -0.99971,
 -0.999698,
 -0.999686,
 -0.999674,
 -0.99966,
 -0.999646,
 -0.999632,
 -0.999618,
 -0.999602,
 -0.999586,
 -0.99957,
 -0.999554,
 -0.999536,
 -0.999518,
 -0.999498,
 -0.99948,
 -0.999458,
 -0.999438,
 -0.999416,
 -0.999394,
 -0.99937,
 -0.999346,
 -0.99932,
 -0.999294,
 -0.999268,
 -0.99924,
 -0.999212,
 -0.999182,
 -0.99915,
 -0.999118,
 -0.999086,
 -0.999052,
 -0.999016,
 -0.99898,
 -0.998942,
 -0.998902,
 -0.998862,
 -0.99882,
 -0.998776,
 -0.998732,
 -0.998686,
 -0.998638,
 -0.998588,
 -0.998536,
 -0.998484,
 -0.99843,
 -0.998372,
 -0.998314,
 -0.998254,
 -0.998192,
 -0.998128,
 -0.998062,
 -0.997994,
 -0.997924,
 -0.99785,
 -0.997776,
 -0.997698,
 -0.997618,
 -0.997536,
 -0.99745,
 -0.997362,
 -0.997272,
 -0.997178,
 -0.997082,
 -0.996984,
 -0.99688,
 -0.996776,
 -0.996666,
 -0.996554,
 -0.99644,
 -0.99632,
 -0.996198,
 -0.996072,
 -0.995942,
 -0.995808,
 -0.99567,
 -0.995528,
 -0.995382,
 -0.995232,
 -0.995078,
 -0.994918,
 -0.994754,
 -0.994586,
 -0.994412,
 -0.994232,
 -0.99405,
 -0.99386,
 -0.993666,
 -0.993466,
 -0.99326,
 -0.99305,
 -0.992832,
 -0.99261,
 -0.99238,
 -0.992144,
 -0.991902,
 -0.991654,
 -0.991398,
 -0.991136,
 -0.990866,
 -0.99059,
 -0.990306,
 -0.990014,
 -0.989714,
 -0.989408,
 -0.989092,
 -0.988768,
 -0.988436,
 -0.988094,
 -0.987746,
 -0.987386,
 -0.987018,
 -0.986642,
 -0.986254,
 -0.985858,
 -0.985452,
 -0.985034,
 -0.984606,
 -0.98417,
 -0.98372,
 -0.98326,
 -0.98279,
 -0.982308,
 -0.981812,
 -0.981306,
 -0.980788,
 -0.980258,
 -0.979714,
 -0.979158,
 -0.978588,
 -0.978006,
 -0.97741,
 -0.9768,
 -0.976176,
 -0.975536,
 -0.974884,
 -0.974216,
 -0.973532,
 -0.972834,
 -0.97212,
 -0.97139,
 -0.970644,
 -0.96988,
 -0.969102,
 -0.968304,
 -0.967492,
 -0.96666,
 -0.9658100000000001,
 -0.964944,
 -0.964058,
 -0.963154,
 -0.96223,
 -0.961288,
 -0.960326,
 -0.959344,
 -0.958342,
 -0.957318,
 -0.956276,
 -0.95521,
 -0.954126,
 -0.953018,
 -0.951888,
 -0.950738,
 -0.949564,
 -0.948366,
 -0.947148,
 -0.945904,
 -0.944636,
 -0.943346,
 -0.94203,
 -0.94069,
 -0.939326,
 -0.937936,
 -0.93652,
 -0.93508,
 -0.933612,
 -0.932118,
 -0.930598,
 -0.92905,
 -0.927476,
 -0.925874,
 -0.924244,
 -0.922586,
 -0.9209,
 -0.919184,
 -0.91744,
 -0.915668,
 -0.913866,
 -0.912032,
 -0.91017,
 -0.908278,
 -0.906354,
 -0.9044,
 -0.902416,
 -0.9004,
 -0.898352,
 -0.896272,
 -0.894162,
 -0.892018,
 -0.889842,
 -0.887634,
 -0.885392,
 -0.883118,
 -0.88081,
 -0.87847,
 -0.876096,
 -0.873686,
 -0.871244,
 -0.868768,
 -0.866258,
 -0.863712,
 -0.8611340000000001,
 -0.85852,
 -0.85587,
 -0.853186,
 -0.850468,
 -0.847714,
 -0.844924,
 -0.8421,
 -0.83924,
 -0.836344,
 -0.833414,
 -0.830448,
 -0.827446,
 -0.824408,
 -0.821334,
 -0.818226,
 -0.815082,
 -0.811902,
 -0.808686,
 -0.805436,
 -0.80215,
 -0.798828,
 -0.79547,
 -0.7920780000000001,
 -0.78865,
 -0.785188,
 -0.78169,
 -0.778158,
 -0.774592,
 -0.7709900000000001,
 -0.767354,
 -0.763686,
 -0.7599819999999999,
 -0.756244,
 -0.752474,
 -0.74867,
 -0.744834,
 -0.740964,
 -0.7370639999999999,
 -0.7331300000000001,
 -0.7291639999999999,
 -0.725166,
 -0.7211380000000001,
 -0.7170799999999999,
 -0.71299,
 -0.708872,
 -0.7047220000000001,
 -0.700546,
 -0.696338,
 -0.692104,
 -0.68784,
 -0.68355,
 -0.679234,
 -0.67489,
 -0.67052,
 -0.666126,
 -0.661706,
 -0.657262,
 -0.6527959999999999,
 -0.648306,
 -0.6437919999999999,
 -0.639258,
 -0.634702,
 -0.630126,
 -0.6255299999999999,
 -0.620914,
 -0.6162799999999999,
 -0.6116280000000001,
 -0.6069599999999999,
 -0.602274,
 -0.597572,
 -0.592858,
 -0.588128,
 -0.583384,
 -0.5786279999999999,
 -0.573862,
 -0.5690839999999999,
 -0.564296,
 -0.559498,
 -0.554694,
 -0.5498799999999999,
 -0.54506,
 -0.5402359999999999,
 -0.535406,
 -0.530572,
 -0.525736,
 -0.5208980000000001,
 -0.516058,
 -0.51122,
 -0.506382,
 -0.501544,
 -0.49671200000000004,
 -0.49188200000000004,
 -0.487058,
 -0.48223800000000006,
 -0.47742799999999996,
 -0.47262400000000004,
 -0.46782999999999997,
 -0.46304599999999996,
 -0.458272,
 -0.453512,
 -0.44876400000000005,
 -0.44403000000000004,
 -0.43931200000000004,
 -0.434612,
 -0.429928,
 -0.42526200000000003,
 -0.420616,
 -0.41599200000000003,
 -0.41139000000000003,
 -0.40681,
 -0.40225599999999995,
 -0.397726,
 -0.39322199999999996,
 -0.38874600000000004,
 -0.38429800000000003,
 -0.37988,
 -0.37549200000000005,
 -0.371136,
 -0.366814,
 -0.362526,
 -0.35827200000000003,
 -0.35405600000000004,
 -0.34987599999999996,
 -0.345734,
 -0.34163200000000005,
 -0.33757000000000004,
 -0.33355,
 -0.32957400000000003,
 -0.32564000000000004,
 -0.32175200000000004,
 -0.31790799999999997,
 -0.31411199999999995,
 -0.310364,
 -0.30666400000000005,
 -0.303014,
 -0.299416,
 -0.29586999999999997,
 -0.29237599999999997,
 -0.288934,
 -0.28554999999999997,
 -0.28222,
 -0.278946,
 -0.27573000000000003,
 -0.27257200000000004,
 -0.269474,
 -0.266436,
 -0.26346,
 -0.260544,
 -0.25769200000000003,
 -0.254904,
 -0.252178,
 -0.24951999999999996,
 -0.24692599999999998,
 -0.244398,
 -0.241938,
 -0.23954799999999998,
 -0.237224,
 -0.23497,
 -0.232788,
 -0.23067400000000005,
 -0.228634,
 -0.22666399999999998,
 -0.22476600000000002,
 -0.22294199999999997,
 -0.22119200000000006,
 -0.21951600000000004,
 -0.21791400000000005,
 -0.21638800000000002,
 -0.21493799999999996,
 -0.21356200000000003,
 -0.212264,
 -0.21104199999999995,
 -0.20989599999999997,
 -0.20882999999999996,
 -0.20784000000000002,
 -0.206928,
 -0.206094,
 -0.20533999999999997,
 -0.20466399999999996,
 -0.20406800000000003,
 -0.20355,
 -0.20311199999999996,
 -0.202754,
 -0.20247400000000004,
 -0.202276,
 -0.202156,
 -0.20211599999999996,
 -0.202156,
 -0.202276,
 -0.20247400000000004,
 -0.202754,
 -0.20311199999999996,
 -0.20355,
 -0.20406800000000003,
 -0.20466399999999996,
 -0.20533999999999997,
 -0.206094,
 -0.206928,
 -0.20784000000000002,
 -0.20882999999999996,
 -0.20989599999999997,
 -0.21104199999999995,
 -0.212264,
 -0.21356200000000003,
 -0.21493799999999996,
 -0.21638800000000002,
 -0.21791400000000005,
 -0.21951600000000004,
 -0.22119200000000006,
 -0.22294199999999997,
 -0.22476600000000002,
 -0.22666399999999998,
 -0.228634,
 -0.23067400000000005,
 -0.232788,
 -0.23497,
 -0.237224,
 -0.23954799999999998,
 -0.241938,
 -0.244398,
 -0.24692599999999998,
 -0.24951999999999996,
 -0.252178,
 -0.254904,
 -0.25769200000000003,
 -0.260544,
 -0.26346,
 -0.266436,
 -0.269474,
 -0.27257200000000004,
 -0.27573000000000003,
 -0.278946,
 -0.28222,
 -0.28554999999999997,
 -0.288934,
 -0.29237599999999997,
 -0.29586999999999997,
 -0.299416,
 -0.303014,
 -0.30666400000000005,
 -0.310364,
 -0.31411199999999995,
 -0.31790799999999997,
 -0.32175200000000004,
 -0.32564000000000004,
 -0.32957400000000003,
 -0.33355,
 -0.33757000000000004,
 -0.34163200000000005,
 -0.345734,
 -0.34987599999999996,
 -0.35405600000000004,
 -0.35827200000000003,
 -0.362526,
 -0.366814,
 -0.371136,
 -0.37549200000000005,
 -0.37988,
 -0.38429800000000003,
 -0.38874600000000004,
 -0.39322199999999996,
 -0.397726,
 -0.40225599999999995,
 -0.40681,
 -0.41139000000000003,
 -0.41599200000000003,
 -0.420616,
 -0.42526200000000003,
 -0.429928,
 -0.434612,
 -0.43931200000000004,
 -0.44403000000000004,
 -0.44876400000000005,
 -0.453512,
 -0.458272,
 -0.46304599999999996,
 -0.46782999999999997,
 -0.47262400000000004,
 -0.47742799999999996,
 -0.48223800000000006,
 -0.487058,
 -0.49188200000000004,
 -0.49671200000000004,
 -0.501544,
 -0.506382,
 -0.51122,
 -0.516058,
 -0.5208980000000001,
 -0.525736,
 -0.530572,
 -0.535406,
 -0.5402359999999999,
 -0.54506,
 -0.5498799999999999,
 -0.554694,
 -0.559498,
 -0.564296,
 -0.5690839999999999,
 -0.573862,
 -0.5786279999999999,
 -0.583384,
 -0.588128,
 -0.592858,
 -0.597572,
 -0.602274,
 -0.6069599999999999,
 -0.6116280000000001,
 -0.6162799999999999,
 -0.620914,
 -0.6255299999999999,
 -0.630126,
 -0.634702,
 -0.639258,
 -0.6437919999999999,
 -0.648306,
 -0.6527959999999999,
 -0.657262,
 -0.661706,
 -0.666126,
 -0.67052,
 -0.67489,
 -0.679234,
 -0.68355,
 -0.68784,
 -0.692104,
 -0.696338,
 -0.700546,
 -0.7047220000000001,
 -0.708872,
 -0.71299,
 -0.7170799999999999,
 -0.7211380000000001,
 -0.725166,
 -0.7291639999999999,
 -0.7331300000000001,
 -0.7370639999999999,
 -0.740964,
 -0.744834,
 -0.74867,
 -0.752474,
 -0.756244,
 -0.7599819999999999,
 -0.763686,
 -0.767354,
 -0.7709900000000001,
 -0.774592,
 -0.778158,
 -0.78169,
 -0.785188,
 -0.78865,
 -0.7920780000000001,
 -0.79547,
 -0.798828,
 -0.80215,
 -0.805436,
 -0.808686,
 -0.811902,
 -0.815082,
 -0.818226,
 -0.821334,
 -0.824408,
 -0.827446,
 -0.830448,
 -0.833414,
 -0.836344,
 -0.83924,
 -0.8421,
 -0.844924,
 -0.847714,
 -0.850468,
 -0.853186,
 -0.85587,
 -0.85852,
 -0.8611340000000001,
 -0.863712,
 -0.866258,
 -0.868768,
 -0.871244,
 -0.873686,
 -0.876096,
 -0.87847,
 -0.88081,
 -0.883118,
 -0.885392,
 -0.887634,
 -0.889842,
 -0.892018,
 -0.894162,
 -0.896272,
 -0.898352,
 -0.9004,
 -0.902416,
 -0.9044,
 -0.906354,
 -0.908278,
 -0.91017,
 -0.912032,
 -0.913866,
 -0.915668,
 -0.91744,
 -0.919184,
 -0.9209,
 -0.922586,
 -0.924244,
 -0.925874,
 -0.927476,
 -0.92905,
 -0.930598,
 -0.932118,
 -0.933612,
 -0.93508,
 -0.93652,
 -0.937936,
 -0.939326,
 -0.94069,
 -0.94203,
 -0.943346,
 -0.944636,
 -0.945904,
 -0.947148,
 -0.948366,
 -0.949564,
 -0.950738,
 -0.951888,
 -0.953018,
 -0.954126,
 -0.95521,
 -0.956276,
 -0.957318,
 -0.958342,
 -0.959344,
 -0.960326,
 -0.961288,
 -0.96223,
 -0.963154,
 -0.964058,
 -0.964944,
 -0.9658100000000001,
 -0.96666,
 -0.967492,
 -0.968304,
 -0.969102,
 -0.96988,
 -0.970644,
 -0.97139,
 -0.97212,
 -0.972834,
 -0.973532,
 -0.974216,
 -0.974884,
 -0.975536,
 -0.976176,
 -0.9768,
 -0.97741,
 -0.978006,
 -0.978588,
 -0.979158,
 -0.979714,
 -0.980258,
 -0.980788,
 -0.981306,
 -0.981812,
 -0.982308,
 -0.98279,
 -0.98326,
 -0.98372,
 -0.98417,
 -0.984606,
 -0.985034,
 -0.985452,
 -0.985858,
 -0.986254,
 -0.986642,
 -0.987018,
 -0.987386,
 -0.987746,
 -0.988094,
 -0.988436,
 -0.988768,
 -0.989092,
 -0.989408,
 -0.989714,
 -0.990014,
 -0.990306,
 -0.99059,
 -0.990866,
 -0.991136,
 -0.991398,
 -0.991654,
 -0.991902,
 -0.992144,
 -0.99238,
 -0.99261,
 -0.992832,
 -0.99305,
 -0.99326,
 -0.993466,
 -0.993666,
 -0.99386,
 -0.99405,
 -0.994232,
 -0.994412,
 -0.994586,
 -0.994754,
 -0.994918,
 -0.995078,
 -0.995232,
 -0.995382,
 -0.995528,
 -0.99567,
 -0.995808,
 -0.995942,
 -0.996072,
 -0.996198,
 -0.99632,
 -0.99644,
 -0.996554,
 -0.996666,
 -0.996776,
 -0.99688,
 -0.996984,
 -0.997082,
 -0.997178,
 -0.997272,
 -0.997362,
 -0.99745,
 -0.997536,
 -0.997618,
 -0.997698,
 -0.997776,
 -0.99785,
 -0.997924,
 -0.997994,
 -0.998062,
 -0.998128,
 -0.998192,
 -0.998254,
 -0.998314,
 -0.998372,
 -0.99843,
 -0.998484,
 -0.998536,
 -0.998588,
 -0.998638,
 -0.998686,
 -0.998732,
 -0.998776,
 -0.99882,
 -0.998862,
 -0.998902,
 -0.998942,
 -0.99898,
 -0.999016,
 -0.999052,
 -0.999086,
 -0.999118,
 -0.99915,
 -0.999182,
 -0.999212,
 -0.99924,
 -0.999268,
 -0.999294,
 -0.99932,
 -0.999346,
 -0.99937,
 -0.999394,
 -0.999416,
 -0.999438,
 -0.999458,
 -0.99948,
 -0.999498,
 -0.999518,
 -0.999536,
 -0.999554,
 -0.99957,
 -0.999586,
 -0.999602,
 -0.999618,
 -0.999632,
 -0.999646,
 -0.99966,
 -0.999674,
 -0.999686,
 -0.999698,
 -0.99971,
 -0.999722,
 -0.999732]